0100101011010101000111011010111000111111101110001010101010101001
1110011011000001100100010000101001111110000010011010100000000100
1010101000010101110011111010010000101111101110100000111010101001
0101111011110001111100011000111101110001011100011010001100001110
1111011000001101000011111010111101001111100010110011110110100111
0110111011110001111100000001000001111001011100001010101001101101
1001111000001110100011111010111101011110100011111001111111111110
0110001011110001011100000101000011110001111100001011000011110001
1001110010001110100011111111111110001110000011110000111110011110
0111001011110001111100001110000001110001111100001011000001111001
1001110000001110000011110001111110011110100011111000111111010110
0111101011110001111100001111000001100001111100001011000011101001
1001010000001110000011110000111110011110100011110000111110110110
0110111011110001111100001111000001110001011100001111000001011001
1001111000001110000011110000111110001110100011111000111111110110
0110001011110001111100001111000001110001111100001111000011111001
